Epoch 1/20, Train Loss: 589.0417, Train Acc: 0.7252, F1 Score: 0.7385
Confusion Matrix:
[[18086  1239  1258   794   356]
 [ 1169   112    98    76    30]
 [  924    70    94    44    29]
 [  572    44    51    38    20]
 [  151     6     8     8     3]]
Epoch 2/20, Train Loss: 16.3641, Train Acc: 0.7502, F1 Score: 0.7521
Confusion Matrix:
[[18728  1122  1031   608   245]
 [ 1204   136    71    55    19]
 [  978    70    60    31    22]
 [  560    56    43    40    24]
 [  158    10     7     2     0]]
Epoch 3/20, Train Loss: 7.3907, Train Acc: 0.7553, F1 Score: 0.7538
Confusion Matrix:
[[18875  1203   907   554   193]
 [ 1231   130    51    60    12]
 [  985    79    49    37    13]
 [  585    48    46    36     9]
 [  150     9     9     6     3]]
Epoch 4/20, Train Loss: 6.1199, Train Acc: 0.7552, F1 Score: 0.7548
Confusion Matrix:
[[18844  1139   964   582   202]
 [ 1207   151    69    46    11]
 [  971    83    57    41    11]
 [  586    53    42    38     6]
 [  156     9     8     2     2]]
Epoch 5/20, Train Loss: 5.7778, Train Acc: 0.7602, F1 Score: 0.7601
Confusion Matrix:
[[18928  1118   924   581   180]
 [ 1156   170    85    61    13]
 [  951    87    68    43    13]
 [  551    77    39    48    10]
 [  150    13     6     5     3]]
Epoch 6/20, Train Loss: 16840.9779, Train Acc: 0.7333, F1 Score: 0.7443
Confusion Matrix:
[[18284  1157  1190   751   352]
 [ 1152   131   107    62    32]
 [  910    77    78    66    31]
 [  566    45    49    42    21]
 [  151     9    10     4     3]]
Epoch 7/20, Train Loss: 437.1535, Train Acc: 0.7502, F1 Score: 0.7546
Confusion Matrix:
[[18685  1090  1121   611   223]
 [ 1143   139   107    67    29]
 [  954    77    66    51    15]
 [  530    55    48    74    18]
 [  154    10    10     3     0]]
Epoch 8/20, Train Loss: 148.5546, Train Acc: 0.7504, F1 Score: 0.7559
Confusion Matrix:
[[18668  1094  1092   635   242]
 [ 1126   160   114    61    24]
 [  920    97    71    58    16]
 [  532    67    46    67    13]
 [  149    12    11     2     3]]
Epoch 9/20, Train Loss: 72.0653, Train Acc: 0.7552, F1 Score: 0.7600
Confusion Matrix:
[[18763  1046  1071   620   233]
 [ 1064   197    98    92    34]
 [  934    91    75    43    19]
 [  541    67    43    54    18]
 [  147    12     9     6     3]]
Epoch 10/20, Train Loss: 78.8942, Train Acc: 0.7537, F1 Score: 0.7592
Confusion Matrix:
[[18735  1056  1100   591   252]
 [ 1085   185   106    77    31]
 [  917    97    81    46    20]
 [  525    75    56    52    16]
 [  146     8    17     5     1]]
Epoch 11/20, Train Loss: 118.1748, Train Acc: 0.7491, F1 Score: 0.7553
Confusion Matrix:
[[18649  1086  1100   602   295]
 [ 1085   168   127    74    32]
 [  938    79    69    59    17]
 [  535    80    48    48    12]
 [  153    12     8     0     4]]
Epoch 12/20, Train Loss: 41.6954, Train Acc: 0.7642, F1 Score: 0.7672
Confusion Matrix:
[[18924  1072   952   552   232]
 [ 1008   280    87    85    25]
 [  949    95    54    49    15]
 [  510    96    51    55    12]
 [  146    15     8     3     5]]
Epoch 13/20, Train Loss: 48.0638, Train Acc: 0.7619, F1 Score: 0.7656
Confusion Matrix:
[[18871  1065  1016   536   242]
 [ 1012   275    90    86    22]
 [  948    84    65    49    17]
 [  516    95    51    49    14]
 [  158     6     7     4     2]]
Epoch 14/20, Train Loss: 58.4711, Train Acc: 0.7601, F1 Score: 0.7650
Confusion Matrix:
[[18814  1028  1037   592   261]
 [ 1011   278   110    66    20]
 [  944    97    57    41    23]
 [  511    94    41    65    13]
 [  150    13     7     6     1]]
Epoch 15/20, Train Loss: 4049.9106, Train Acc: 0.7592, F1 Score: 0.7662
Confusion Matrix:
[[18775  1067   986   610   294]
 [  975   289   105    94    23]
 [  899   106    72    56    28]
 [  510    83    60    55    16]
 [  143    12    15     5     2]]
Epoch 16/20, Train Loss: 9977.8586, Train Acc: 0.7419, F1 Score: 0.7496
Confusion Matrix:
[[18491  1152  1182   616   290]
 [ 1154   134   102    68    28]
 [  926    86    72    58    20]
 [  544    62    48    57    13]
 [  148    16     6     5     2]]
Epoch 17/20, Train Loss: 219.4766, Train Acc: 0.7578, F1 Score: 0.7615
Confusion Matrix:
[[18823  1026  1051   607   224]
 [ 1073   202   104    82    24]
 [  945    80    75    47    16]
 [  517    91    51    54    11]
 [  158     8     5     3     3]]
Epoch 18/20, Train Loss: 67.7166, Train Acc: 0.7698, F1 Score: 0.7730
Confusion Matrix:
[[19034   941  1030   538   192]
 [  958   297    99   115    14]
 [  939    83    68    55    15]
 [  465   124    65    61    10]
 [  146    12    12     7     0]]
Epoch 19/20, Train Loss: 40.4424, Train Acc: 0.7784, F1 Score: 0.7798
Confusion Matrix:
[[19189   939   943   494   166]
 [  915   356   100   102    13]
 [  922    93    68    65    13]
 [  464   131    60    62     8]
 [  147    12     7     8     3]]
Epoch 20/20, Train Loss: 29.4187, Train Acc: 0.7806, F1 Score: 0.7819
Confusion Matrix:
[[19221   926   902   532   151]
 [  908   351   120    88    19]
 [  897   102    91    57    14]
 [  473   123    54    71     3]
 [  147    16    10     4     0]]
